Surface Temperature = 13233.759012366341
Central Density = 83998.29266854083
Radius = 630770392.78534961
Mass = 1.7945825268714841
Luminosity = 8.6949764604396273e+27
